id,main,barracks,stable,garage,watchtower,snob,smith,rally,statue,market,wood,stone,iron,farm,storage,hide,wall
54,5,3,0,0,0,0,0,0,0,3,6,6,12,12,9,5,0
422,11,6,0,0,0,0,4,0,0,4,6,8,10,9,4,3,1
554,6,3,0,0,0,0,0,0,0,8,9,7,10,11,11,2,2
689,12,3,0,0,0,0,4,0,0,9,7,5,12,6,4,7,1
2132,9,1,0,0,0,0,0,0,0,3,12,10,9,8,9,5,1
2248,10,4,0,0,0,0,3,0,0,7,7,7,8,9,9,5,3
2397,12,5,0,0,0,0,3,0,0,2,6,7,6,6,8,2,1
3424,8,4,0,0,0,0,4,0,0,2,6,8,3,3,4,4,0
3514,5,5,0,0,0,0,4,0,0,3,5,6,9,5,4,4,1
3781,8,9,0,0,0,0,1,0,0,4,6,11,7,10,12,4,3
4769,11,3,0,0,0,0,6,0,0,6,3,8,7,10,3,4,0
4796,11,2,0,0,0,0,2,0,0,8,6,5,7,8,8,3,1
5252,7,3,0,0,0,0,0,0,0,3,6,12,6,6,4,5,0
5254,9,8,0,0,0,0,2,0,0,3,3,6,4,8,11,1,0
5255,4,0,0,0,0,0,0,0,0,1,10,12,10,7,11,5,0
5256,7,7,0,0,0,0,1,0,0,3,0,4,6,8,9,4,1
5260,5,2,0,0,0,0,0,0,0,2,5,3,2,7,3,6,0
5563,5,5,0,0,0,0,0,0,0,4,11,7,8,7,7,4,1
5942,12,7,0,0,0,0,3,0,0,3,5,6,9,6,9,5,2
6086,8,6,0,0,0,0,5,0,0,3,9,6,2,9,3,2,0
6254,11,8,4,0,0,0,5,0,0,4,13,13,10,6,7,1,4
6681,9,2,0,0,0,0,4,0,0,10,12,13,13,3,6,10,0
6683,9,5,0,0,0,0,3,0,0,9,12,13,12,5,7,10,0
6684,7,8,0,0,0,0,5,0,0,10,12,13,14,7,11,10,0
6877,7,9,0,0,0,0,3,0,0,6,8,7,6,9,8,3,0
6940,7,5,0,0,0,0,2,0,0,10,6,2,5,8,8,1,1
6950,10,6,0,0,0,0,3,0,0,6,8,8,6,9,11,2,1
6986,8,3,0,0,0,0,2,0,0,7,12,15,18,6,9,1,3
6987,7,3,0,0,0,0,1,0,0,5,12,12,13,8,11,2,0
7011,9,2,0,0,0,0,0,0,0,8,9,6,8,11,12,3,3
7021,4,5,0,0,0,0,0,0,0,4,9,10,8,12,9,1,0
7064,6,2,0,0,0,0,0,0,0,7,6,7,6,3,5,5,3
7094,6,3,0,0,0,0,1,0,0,4,4,9,5,10,5,3,1
7098,6,6,0,0,0,0,1,0,0,2,8,11,6,11,10,4,3
7203,8,6,0,0,0,0,0,0,0,6,7,8,9,8,10,3,0
7212,11,2,0,0,0,0,2,0,0,6,4,9,10,12,4,1,0
7232,9,3,0,0,0,0,2,0,0,0,7,7,4,13,7,6,2
7255,7,1,0,0,0,0,1,0,0,5,6,3,4,12,9,5,2
7269,5,4,0,0,0,0,1,0,0,3,12,11,16,5,13,3,1
7298,7,1,0,0,0,0,1,0,0,0,7,9,5,5,3,1,1
7299,7,4,0,0,0,0,3,0,0,3,3,1,5,2,7,2,0
7308,9,7,0,0,0,0,0,0,0,4,4,5,5,3,6,2,2
7323,8,2,0,0,0,0,1,0,0,5,6,10,6,9,6,1,3
7368,14,4,0,0,0,0,1,0,0,4,8,7,5,15,4,2,0
7469,12,9,0,0,0,0,2,0,0,6,10,6,6,12,10,3,0
7496,8,11,0,0,0,0,1,0,0,1,12,3,6,11,5,3,0
7510,12,5,0,0,0,0,5,0,0,4,9,5,2,7,6,5,1
7539,4,4,0,0,0,0,0,0,0,4,4,3,9,6,10,2,2
7571,7,7,0,0,0,0,2,0,0,4,5,13,8,7,8,4,5
7585,15,5,0,0,0,0,2,0,0,7,5,6,6,6,11,1,0
7624,8,6,0,0,0,0,0,0,0,6,6,3,8,12,7,4,2
7625,6,5,0,0,0,0,2,0,0,2,11,10,12,5,9,4,1
7626,9,1,0,0,0,0,0,0,0,5,8,8,11,7,7,3,0
7627,7,3,0,0,0,0,2,0,0,3,7,9,10,3,3,2,2
7686,6,6,0,0,0,0,2,0,0,4,8,6,6,5,11,3,1
7709,7,9,0,0,0,0,2,0,0,1,3,9,7,6,5,4,0
7714,12,8,0,0,0,0,2,0,0,8,5,6,11,9,6,2,5
7737,5,6,0,0,0,0,0,0,0,6,13,4,4,12,9,3,2
7742,10,5,0,0,0,0,0,0,0,2,6,5,8,9,8,3,1
7793,8,4,0,0,0,0,2,0,0,6,9,5,4,12,13,5,3
7838,9,2,0,0,0,0,2,0,0,2,10,6,9,14,10,2,3
7860,10,5,0,0,0,0,1,0,0,4,8,8,10,12,12,6,1
7883,7,7,0,0,0,0,5,0,0,5,8,3,5,7,9,1,1
7913,9,3,0,0,0,0,3,0,0,2,4,15,11,5,8,1,4
7996,7,3,0,0,0,0,2,0,0,4,3,7,7,5,4,3,0
7997,11,0,5,0,0,0,5,0,0,5,18,17,15,4,17,10,0
7999,6,1,0,0,0,0,0,0,0,0,4,5,8,4,5,1,1
8017,3,1,0,0,0,0,1,0,0,2,9,11,9,8,7,3,1
8049,8,5,0,0,0,0,2,0,0,1,6,5,6,8,5,3,0
8050,8,8,0,0,0,0,1,0,0,1,4,3,8,5,6,2,2
8051,3,4,0,0,0,0,0,0,0,3,2,5,6,10,13,2,1
8052,5,0,0,0,0,0,0,0,0,0,4,10,13,5,10,1,0
8055,7,1,0,0,0,0,1,0,0,12,10,11,10,6,12,4,3
8056,5,7,0,0,0,0,4,0,0,13,12,12,10,3,10,2,1
8077,9,4,0,0,0,0,2,0,0,3,10,8,6,13,9,5,3
8151,18,11,12,11,1,0,15,0,0,11,22,19,21,19,19,1,17
8158,8,3,0,0,0,0,3,0,0,8,3,6,6,13,9,3,1
8172,7,3,0,0,0,0,1,0,0,2,5,7,2,6,11,3,1
8193,5,4,0,0,0,0,6,0,0,7,14,14,16,7,14,10,3
8252,10,2,0,0,0,0,0,0,0,9,12,11,3,10,6,6,1
8256,6,8,0,0,0,0,4,0,0,4,7,11,7,9,7,2,0
8287,15,7,4,0,0,0,7,0,0,5,8,8,8,9,11,5,0
8289,16,8,4,0,0,0,5,0,0,2,9,7,5,8,9,5,1
8290,9,6,0,0,0,0,5,0,0,4,8,7,8,6,11,5,6
8291,8,3,0,0,0,0,0,0,0,6,6,5,5,3,4,3,1
8293,9,3,0,0,0,0,2,0,0,2,5,3,4,5,2,1,2
8294,4,3,0,0,0,0,0,0,0,2,1,2,4,8,4,1,3
8300,14,0,0,0,0,0,0,0,0,2,2,3,1,7,4,3,0
8304,14,1,0,0,0,0,0,0,0,1,1,1,1,5,3,1,1
8305,14,3,0,0,0,0,0,0,0,0,4,2,2,2,3,2,1
8327,3,10,0,0,0,0,0,0,0,12,23,23,18,7,25,1,3
8360,8,3,0,0,0,0,4,0,0,3,3,8,0,8,6,4,1
8361,9,5,0,0,0,0,2,0,0,7,8,11,4,5,9,4,0
8379,9,4,0,0,0,0,1,0,0,2,6,7,6,6,10,6,1
8399,8,5,0,0,0,0,1,0,0,1,9,7,7,9,3,2,1
8422,8,3,0,0,0,0,0,0,0,2,9,8,5,9,9,3,2
8458,12,6,0,0,0,0,1,0,0,5,14,9,9,9,13,5,3
8478,10,4,0,0,0,0,0,0,0,7,8,10,7,4,7,4,1
8486,7,2,0,0,0,0,1,0,0,1,2,4,8,10,6,4,1
8550,13,2,0,0,0,0,3,0,0,1,2,5,8,7,5,5,0
8555,6,2,0,0,0,0,2,0,0,2,8,9,7,7,5,5,0
8559,2,3,0,0,0,0,1,0,0,0,10,6,5,7,7,3,3
8560,3,0,0,0,0,0,0,0,0,1,6,5,4,7,2,3,0
8580,7,2,0,0,0,0,3,0,0,3,10,12,7,9,5,2,2
8589,7,4,0,0,0,0,1,0,0,3,8,8,7,9,9,4,3
8604,4,5,0,0,0,0,1,0,0,3,7,5,9,5,8,1,3
8614,3,5,0,0,0,0,0,0,0,7,9,11,5,8,7,3,1
8645,5,7,0,0,0,0,0,0,0,3,7,3,5,6,9,2,3
8647,3,0,0,0,0,0,0,0,0,0,3,14,9,7,7,4,0
8648,5,2,0,0,0,0,0,0,0,1,7,4,4,5,7,3,1
8661,11,5,0,0,0,0,2,0,0,5,6,5,12,4,8,3,0
8682,10,4,0,0,0,0,4,0,0,5,5,10,4,4,14,5,0
8690,17,7,1,3,0,0,14,0,0,5,15,14,11,11,10,1,1
8693,15,6,6,0,0,0,9,0,0,4,14,12,11,10,10,3,1
8700,9,1,0,0,0,0,3,0,0,2,7,11,14,4,6,2,0
8729,6,2,0,0,0,0,0,0,0,5,9,6,9,7,6,3,2
8756,8,2,0,0,0,0,4,0,0,5,4,7,10,8,12,5,2
8770,2,5,0,0,0,0,0,0,0,4,9,8,4,11,13,2,1
8801,2,2,0,0,0,0,2,0,0,3,3,5,7,7,6,3,0
8804,5,1,0,0,0,0,0,0,0,3,9,6,7,5,5,2,2
8805,8,1,0,0,0,0,1,0,0,4,2,6,13,5,5,6,1
8817,10,5,0,0,0,0,2,0,0,5,5,4,7,6,8,4,2
8851,5,7,0,0,0,0,1,0,0,9,8,2,5,6,5,5,0
8863,8,1,0,0,0,0,3,0,0,0,3,7,7,9,9,5,1
8882,7,5,0,0,0,0,0,0,0,3,10,6,8,6,5,2,0
8899,10,4,0,0,0,0,4,0,0,4,9,3,5,11,9,4,1
8943,8,3,0,0,0,0,2,0,0,7,6,7,13,13,9,3,4
8956,8,4,0,0,0,0,2,0,0,3,5,6,1,8,5,2,1
8958,10,6,0,0,0,0,2,0,0,5,26,21,12,8,17,2,11
8959,7,4,0,0,0,0,0,0,0,1,4,5,6,7,6,2,2
8960,7,0,0,0,0,0,2,0,0,2,11,5,5,10,8,1,0
8989,9,6,0,0,0,0,4,0,0,2,8,8,11,9,8,1,1
9027,12,6,0,0,0,0,3,0,0,5,7,5,7,7,12,3,0
9051,8,4,0,0,0,0,4,0,0,3,1,3,3,9,5,3,2
9071,5,2,0,0,0,0,0,0,0,4,2,1,3,6,5,3,0
9074,8,0,0,0,0,0,0,0,0,4,9,5,9,8,5,4,0
9075,7,2,0,0,0,0,1,0,0,3,7,4,3,6,8,4,0
9077,3,2,0,0,0,0,0,0,0,1,10,7,7,10,8,6,0
9081,4,0,0,0,0,0,1,0,0,1,9,9,6,8,9,3,0
9127,7,4,0,0,0,0,1,0,0,3,8,3,6,8,11,3,2
9167,7,3,0,0,0,0,4,0,0,3,6,7,8,10,5,3,2
9217,10,8,0,0,0,0,1,0,0,1,9,10,8,3,6,2,5
9218,6,1,0,0,0,0,0,0,0,4,8,10,4,6,6,4,1
9239,11,5,0,0,0,0,2,0,0,4,11,6,7,8,7,6,1
9309,8,1,0,0,0,0,1,0,0,3,8,14,6,6,9,2,1
9310,10,4,0,0,0,0,4,0,0,8,3,5,7,6,7,2,3
9311,4,1,0,0,0,0,0,0,0,0,6,8,3,5,4,1,0
9312,7,1,0,0,0,0,0,0,0,3,5,6,1,11,4,2,1
9334,4,0,0,0,0,0,0,0,0,0,5,5,11,7,13,2,0
9341,3,0,0,0,0,0,0,0,0,3,7,6,8,5,6,3,0
9342,6,5,0,0,0,0,4,0,0,5,5,6,5,8,6,3,2
9344,5,2,0,0,0,0,0,0,0,5,5,6,4,7,7,3,1
9345,2,2,0,0,0,0,0,0,0,2,5,3,7,4,5,1,2
9372,10,5,0,0,0,0,3,0,0,3,10,4,9,6,10,2,1
9383,4,2,0,0,0,0,0,0,0,0,4,3,1,7,5,2,0
9384,8,0,0,0,0,0,0,0,0,2,3,4,3,4,3,3,0
9390,11,3,0,0,0,0,6,0,0,8,11,3,11,8,8,3,0
9407,9,6,0,0,0,0,3,0,0,3,11,12,9,5,4,4,0
9409,5,1,0,0,0,0,2,0,0,3,8,10,8,5,7,2,0
9412,5,4,0,0,0,0,4,0,0,5,11,3,8,4,5,1,4
9453,13,3,0,0,0,0,1,0,0,2,10,13,13,6,5,2,0
9463,8,2,0,0,0,0,1,0,0,1,7,6,5,8,12,4,1
9490,4,3,0,0,0,0,2,0,0,3,3,8,6,8,7,3,2
9498,2,3,0,0,0,0,0,0,0,1,14,10,11,11,11,4,1
9516,7,3,0,0,0,0,1,0,0,3,5,8,3,6,5,3,2
9519,6,1,0,0,0,0,0,0,0,1,9,4,8,3,3,8,0
9520,4,7,0,0,0,0,0,0,0,4,7,7,7,5,5,1,1
9547,4,0,0,0,0,0,0,0,0,1,17,13,10,6,17,7,0
9548,8,5,0,0,0,0,3,0,0,7,12,11,11,9,10,8,2
9562,3,2,0,0,0,0,0,0,0,19,20,17,11,7,21,5,1
9580,9,3,0,0,0,0,2,0,0,6,6,9,8,6,13,4,0
9588,8,4,0,0,0,0,0,0,0,3,6,11,8,8,5,2,1
9592,9,2,0,0,0,0,5,0,0,4,7,8,7,13,2,3,1
9593,6,4,0,0,0,0,3,0,0,3,7,3,8,7,5,3,2
9599,5,5,0,0,0,0,0,0,0,1,9,12,14,8,7,2,1
9613,11,2,0,0,0,0,2,0,0,1,5,5,8,10,8,3,3
9629,5,2,0,0,0,0,0,0,0,3,11,4,5,9,5,3,0
9654,7,8,0,0,0,0,7,0,0,3,11,4,12,5,8,2,5
9673,6,2,0,0,0,0,1,0,0,1,3,5,7,7,5,2,0
9676,6,2,0,0,0,0,0,0,0,1,6,2,1,6,7,3,3
9692,1,3,0,0,0,0,1,0,0,2,6,7,10,12,14,2,0
9704,2,2,0,0,0,0,0,0,0,0,8,10,13,9,9,4,0
9708,6,4,0,0,0,0,2,0,0,2,9,6,4,12,6,3,1
9725,7,2,0,0,0,0,0,0,0,2,4,6,4,7,5,2,3
9728,8,3,0,0,0,0,1,0,0,5,4,2,3,2,6,4,2
9729,4,2,0,0,0,0,0,0,0,1,5,2,8,10,3,2,0
9730,6,3,0,0,0,0,1,0,0,2,6,6,10,7,5,5,1
9731,5,3,0,0,0,0,0,0,0,3,11,4,8,2,7,2,2
9732,7,3,0,0,0,0,1,0,0,0,4,2,5,5,4,1,3
9733,2,0,0,0,0,0,0,0,0,0,6,6,9,6,9,1,0
9737,3,0,0,0,0,0,0,0,0,0,1,3,4,4,9,3,0
9743,4,5,0,0,0,0,0,0,0,2,6,8,5,8,3,3,1
9745,6,4,0,0,0,0,3,0,0,0,4,3,10,5,4,4,2
9746,3,0,0,0,0,0,0,0,0,0,2,4,5,5,5,4,0
9817,4,1,0,0,0,0,0,0,0,3,11,5,6,15,6,4,1
9860,5,1,0,0,0,0,0,0,0,1,8,6,6,8,9,2,0
9864,7,2,0,0,0,0,0,0,0,2,5,4,8,4,6,1,2
9865,11,7,0,0,0,0,1,0,0,0,6,3,8,2,8,2,2
9873,6,5,0,0,0,0,1,0,0,4,7,8,4,6,10,2,2
9884,11,4,0,0,0,0,0,0,0,4,6,8,8,8,14,6,3
9920,3,4,0,0,0,0,0,0,0,0,5,6,5,7,11,2,1
9922,2,0,0,0,0,0,0,0,0,0,7,3,6,3,6,3,0
9923,4,4,0,0,0,0,0,0,0,2,8,3,5,9,6,1,1
9942,8,5,0,0,0,0,0,0,0,6,8,9,7,2,7,5,5
9943,11,5,0,0,0,0,3,0,0,0,7,8,5,9,3,4,0
9944,6,1,0,0,0,0,0,0,0,0,3,5,9,6,6,2,0
9945,6,2,0,0,0,0,1,0,0,3,8,8,8,5,7,6,1
9947,12,1,0,0,0,0,5,0,0,5,5,11,7,6,8,3,0
9990,5,7,0,0,0,0,2,0,0,4,8,11,4,5,3,2,1
10039,4,4,0,0,0,0,1,0,0,3,10,8,14,8,11,7,2
10054,4,1,0,0,0,0,0,0,0,1,4,6,3,4,5,3,0
10057,2,0,0,0,0,0,0,0,0,0,2,3,7,6,4,1,0
10058,4,0,0,0,0,0,0,0,0,3,2,4,6,3,4,1,0
10065,7,0,0,0,0,0,3,0,0,9,11,13,4,11,13,10,0
10067,9,2,0,0,0,0,2,0,0,10,11,8,7,7,14,9,2
10068,7,0,0,0,0,0,5,0,0,13,12,14,6,10,7,10,0
10087,1,0,0,0,0,0,2,0,0,2,9,9,6,5,8,5,0
10090,5,10,0,0,0,0,6,0,0,5,8,5,6,5,11,1,0
10091,10,2,0,0,0,0,2,0,0,1,12,8,4,7,10,4,1
10108,11,0,0,0,0,0,2,0,0,6,8,8,5,4,14,7,0
10137,3,5,0,0,0,0,3,0,0,0,5,8,8,6,9,4,1
10172,9,6,0,0,0,0,2,0,0,7,16,14,12,7,13,4,0
10175,5,4,0,0,0,0,0,0,0,5,11,11,9,6,9,3,0
10176,7,3,0,0,0,0,1,0,0,3,11,15,9,4,13,2,0
10178,13,3,0,0,0,0,2,0,0,2,5,10,5,12,7,6,1
10218,4,6,0,0,0,0,1,0,0,9,7,8,6,5,9,2,0
10223,4,0,0,0,0,0,0,0,0,1,8,9,8,6,12,6,0
10232,6,0,0,0,0,0,0,0,0,5,12,13,15,8,11,5,0
10234,3,1,0,0,0,0,0,0,0,1,13,12,11,10,9,4,4
10235,5,1,0,0,0,0,0,0,0,1,10,13,9,10,13,2,0
10364,3,0,0,0,0,0,0,0,0,0,6,10,11,4,9,9,0
10384,6,10,0,0,0,0,2,0,0,3,10,9,9,6,7,3,3
10414,7,3,0,0,0,0,4,0,0,8,13,14,12,5,15,3,2
10416,3,2,0,0,0,0,0,0,0,1,8,6,9,10,10,6,1
10418,6,1,0,0,0,0,1,0,0,6,14,11,11,4,12,1,3
10443,7,9,0,0,0,0,0,0,0,4,12,4,8,5,12,1,3
10453,2,0,0,0,0,0,0,0,0,0,6,6,11,6,6,2,0
10469,11,8,0,0,0,0,1,0,0,8,10,6,8,6,8,8,0
10483,13,4,0,0,0,0,1,0,0,2,4,7,7,13,5,5,1
10503,2,0,0,0,0,0,0,0,0,0,5,8,8,10,10,5,0
10515,6,9,1,0,0,0,8,0,0,7,12,10,5,6,9,9,3
10517,2,2,0,0,0,0,2,0,0,2,7,2,3,7,6,4,1
10518,7,4,0,0,0,0,2,0,0,1,6,4,6,3,5,3,5
10533,7,5,0,0,0,0,0,0,0,4,9,8,5,4,6,2,3
10553,2,0,0,0,0,0,0,0,0,0,2,6,3,5,5,1,0
10573,1,0,0,0,0,0,0,0,0,0,7,17,13,16,6,3,0
10610,4,3,0,0,0,0,0,0,0,5,3,12,5,8,7,3,1
10629,2,0,0,0,0,0,0,0,0,0,8,10,7,9,7,3,0
10703,2,0,0,0,0,0,0,0,0,0,11,4,12,13,11,4,0
10727,5,2,0,0,0,0,1,0,0,3,6,5,9,6,9,3,0
10729,9,1,0,0,0,0,2,0,0,5,9,6,9,10,4,3,4
10738,4,3,0,0,0,0,0,0,0,2,7,5,9,10,8,4,0
10747,5,2,0,0,0,0,0,0,0,2,7,7,8,6,11,3,0
10767,8,1,0,0,0,0,1,0,0,1,7,7,5,7,9,4,3
10781,3,1,0,0,0,0,0,0,0,0,8,16,9,13,9,4,0
10786,13,3,0,0,0,0,2,0,0,5,10,10,8,3,7,5,0
10833,9,7,0,0,0,0,2,0,0,4,8,4,3,12,8,3,2
10852,16,8,0,0,0,0,2,0,0,5,8,10,6,9,8,3,0
10872,3,0,0,0,0,0,0,0,0,1,9,14,9,14,10,5,0
10898,2,0,0,0,0,0,0,0,0,0,13,14,13,8,11,2,0
10912,6,1,0,0,0,0,1,0,0,4,5,7,6,6,8,2,1
10921,3,1,0,0,0,0,0,0,0,0,11,7,9,8,9,3,1
10932,3,2,0,0,0,0,0,0,0,3,8,7,9,11,12,3,0
10960,3,0,0,0,0,0,0,0,0,2,3,9,13,5,20,2,0
10965,3,0,0,0,0,0,0,0,0,0,8,10,15,17,8,3,0
10971,8,1,0,0,0,0,1,0,0,3,5,7,3,7,11,2,1
11101,9,5,0,0,0,0,3,0,0,7,6,4,6,11,6,4,2
11109,4,0,0,0,0,0,0,0,0,0,3,3,3,5,3,1,0
11112,6,0,0,0,0,0,0,0,0,3,1,6,3,6,5,2,0
11127,10,1,0,0,0,0,1,0,0,2,5,4,9,7,12,3,1
11161,5,4,0,0,0,0,2,0,0,2,10,10,8,5,10,6,0
11169,10,4,0,0,0,0,2,0,0,0,7,5,6,9,13,2,0
11174,2,0,0,0,0,0,2,0,0,1,7,11,12,6,3,2,0
11179,4,0,0,0,0,0,0,0,0,0,6,6,5,9,5,5,0
11187,8,4,0,0,0,0,1,0,0,3,8,12,3,4,11,2,1
11197,2,0,0,0,0,0,0,0,0,0,9,9,7,11,9,8,0
11211,4,3,0,0,0,0,0,0,0,1,9,16,9,11,8,3,0
11224,4,0,0,0,0,0,0,0,0,1,4,3,8,8,5,2,0
11226,1,0,0,0,0,0,0,0,0,0,3,6,5,4,10,4,0
11227,2,0,0,0,0,0,0,0,0,0,9,5,3,4,5,1,0
11257,5,1,0,0,0,0,0,0,0,0,4,7,8,3,15,8,1
11258,7,3,0,0,0,0,1,0,0,4,9,3,5,6,4,3,3
11305,7,3,0,0,0,0,4,0,0,6,7,11,4,8,6,2,1
11307,9,6,0,0,0,0,5,0,0,2,3,0,3,5,4,2,0
11308,4,0,0,0,0,0,0,0,0,1,13,8,7,7,4,9,0
11323,6,4,0,0,0,0,0,0,0,4,4,4,5,7,9,2,1
11368,6,1,0,0,0,0,1,0,0,1,10,4,4,7,4,4,1
11384,5,4,0,0,0,0,0,0,0,1,4,5,2,6,2,4,1
11388,2,0,0,0,0,0,0,0,0,0,3,9,6,6,8,3,0
11389,4,1,0,0,0,0,0,0,0,1,6,3,4,9,8,1,0
11393,1,0,0,0,0,0,0,0,0,0,3,5,3,5,11,5,0
11413,3,0,0,0,0,0,0,0,0,1,8,13,8,10,10,7,0
11414,2,0,0,0,0,0,0,0,0,1,10,6,10,10,10,5,0
11415,2,0,0,0,0,0,0,0,0,1,10,8,9,8,9,4,0
11416,5,0,0,0,0,0,0,0,0,1,7,7,6,6,11,4,0
11437,5,1,0,0,0,0,0,0,0,3,4,6,8,7,7,6,1
11461,11,6,0,0,0,0,1,0,0,2,9,4,6,9,8,2,3
11470,4,0,0,0,0,0,0,0,0,0,8,9,9,6,9,6,0
11479,6,6,0,0,0,0,0,0,0,3,6,5,5,9,9,3,4
11502,4,2,0,0,0,0,0,0,0,0,14,6,11,7,7,6,0
11530,7,2,0,0,0,0,0,0,0,6,5,8,6,5,3,3,1
11532,8,0,0,0,0,0,0,0,0,4,6,4,8,7,7,2,0
11533,3,1,0,0,0,0,0,0,0,1,7,11,2,7,7,3,0
11559,8,3,0,0,0,0,1,0,0,0,9,5,6,6,5,10,3
11561,6,0,0,0,0,0,0,0,0,3,1,3,4,4,5,2,0
11564,8,1,0,0,0,0,0,0,0,5,9,6,7,7,9,5,0
11574,7,7,0,0,0,0,1,0,0,6,5,7,7,5,4,4,0
11612,3,2,0,0,0,0,0,0,0,2,2,2,4,3,5,2,3
11614,4,2,0,0,0,0,0,0,0,0,9,5,5,6,4,2,1
11615,6,2,0,0,0,0,0,0,0,3,4,6,3,2,4,2,1
11625,7,2,0,0,0,0,2,0,0,1,7,9,12,7,8,4,1
11642,3,3,0,0,0,0,0,0,0,1,7,5,5,7,7,6,0
11643,5,2,0,0,0,0,0,0,0,2,15,3,8,16,9,2,0
11644,2,0,0,0,0,0,0,0,0,0,11,10,6,9,10,2,0
11645,3,2,0,0,0,0,0,0,0,0,10,4,6,9,12,2,1
11684,4,1,0,0,0,0,0,0,0,4,12,14,6,7,12,9,2
11698,3,1,0,0,0,0,0,0,0,0,10,14,5,4,6,3,0
11710,8,1,0,0,0,0,1,0,0,3,6,5,3,11,10,2,0
11711,9,3,0,0,0,0,0,0,0,8,7,4,9,7,10,4,2
11712,5,1,0,0,0,0,1,0,0,2,6,8,5,11,7,5,0
11715,1,6,0,0,0,0,3,0,0,5,8,6,7,7,11,4,0
11716,3,6,0,0,0,0,0,0,0,2,7,9,6,7,9,5,0
11718,4,1,0,0,0,0,0,0,0,0,7,11,5,11,6,7,2
11719,3,1,0,0,0,0,0,0,0,0,11,6,5,4,9,3,0
11720,2,0,0,0,0,0,0,0,0,0,11,12,13,7,13,2,0
11721,5,1,0,0,0,0,0,0,0,1,10,2,4,15,8,1,1
11724,4,1,0,0,0,0,0,0,0,0,9,7,4,6,11,3,1
11725,5,1,0,0,0,0,0,0,0,4,2,4,4,7,12,2,0
11733,10,1,0,0,0,0,0,0,0,6,6,6,7,8,9,3,0
11737,5,5,0,0,0,0,0,0,0,6,8,7,5,6,8,3,6
11755,2,2,0,0,0,0,1,0,0,2,10,5,10,11,9,5,1
11765,4,1,0,0,0,0,0,0,0,3,7,8,7,7,15,3,0
11794,2,0,0,0,0,0,0,0,0,0,13,3,9,11,14,5,0
11806,5,0,0,0,0,0,0,0,0,1,5,8,7,7,11,3,0
11809,3,0,0,0,0,0,0,0,0,0,2,2,5,9,5,2,0
11810,2,0,0,0,0,0,0,0,0,0,10,8,5,9,12,5,0
11842,3,1,0,0,0,0,0,0,0,0,4,12,10,8,9,4,1
11846,7,3,0,0,0,0,0,0,0,4,11,7,9,13,8,3,1
11851,9,5,0,0,0,0,3,0,0,7,7,7,8,7,2,2,0
11852,11,0,0,0,0,0,1,0,0,2,6,13,8,6,10,7,0
11861,11,4,0,0,0,0,2,0,0,3,5,12,8,9,7,5,1
11875,7,4,0,0,0,0,1,0,0,1,5,10,9,5,3,2,1
11878,7,2,0,0,0,0,3,0,0,3,10,6,7,4,9,2,1
11879,6,2,0,0,0,0,4,0,0,5,4,5,8,8,6,2,2
11881,7,8,0,0,0,0,3,0,0,6,9,9,5,10,12,4,0
11923,3,0,0,0,0,0,0,0,0,0,7,11,9,11,8,4,0
11957,8,1,0,0,0,0,2,0,0,3,2,8,11,12,9,4,1
11965,4,0,0,0,0,0,0,0,0,2,5,8,8,3,5,7,0
11967,4,1,0,0,0,0,0,0,0,1,12,4,6,6,5,1,1
11968,3,1,0,0,0,0,0,0,0,2,5,3,7,4,4,2,0
11969,4,0,0,0,0,0,0,0,0,2,8,12,14,7,7,2,0
11970,5,3,0,0,0,0,0,0,0,0,2,5,8,8,13,3,0
11971,5,4,0,0,0,0,3,0,0,1,2,6,6,4,6,2,0
12012,8,0,0,0,0,0,0,0,0,4,6,6,6,8,9,3,0
12069,2,0,0,0,0,0,0,0,0,1,10,12,6,9,10,3,0
12088,5,2,0,0,0,0,2,0,0,6,6,6,12,5,8,7,0
12093,6,4,0,0,0,0,2,0,0,9,10,11,9,7,9,4,1
12109,3,1,0,0,0,0,0,0,0,0,8,6,13,8,12,4,1
12117,4,2,0,0,0,0,0,0,0,7,4,9,3,3,10,2,1
12119,3,3,0,0,0,0,0,0,0,9,7,7,2,5,10,2,0
12120,18,9,1,0,0,0,7,0,0,11,18,17,18,11,10,5,1
12132,3,0,0,0,0,0,0,0,0,0,9,6,13,8,7,4,0
12134,6,1,0,0,0,0,3,0,0,5,3,14,4,8,10,4,0
12142,1,0,0,0,0,0,0,0,0,0,13,13,10,7,9,4,0
12157,7,1,0,0,0,0,1,0,0,0,9,4,9,7,7,5,0
12161,9,5,0,0,0,0,2,0,0,8,5,6,8,9,6,5,2
12259,3,2,0,0,0,0,0,0,0,3,12,10,5,4,6,3,0
12267,2,0,0,0,0,0,0,0,0,0,12,11,5,8,11,4,0
12276,2,0,0,0,0,0,0,0,0,0,12,7,7,4,10,5,0
12279,4,1,0,0,0,0,0,0,0,0,9,11,9,2,8,2,0
12280,4,3,0,0,0,0,0,0,0,0,10,10,13,8,9,1,1
12312,6,0,0,0,0,0,0,0,0,1,6,9,13,8,6,7,0
12331,8,2,0,0,0,0,1,0,0,6,7,9,6,6,13,4,0
12339,6,1,0,0,0,0,0,0,0,1,13,8,17,10,8,4,0
12344,5,1,0,0,0,0,0,0,0,3,12,6,11,8,7,3,0
12357,3,0,0,0,0,0,0,0,0,0,9,13,4,9,12,4,0
12368,1,0,0,0,0,0,0,0,0,0,8,12,7,7,10,3,0
12394,9,8,0,0,0,0,1,0,0,3,10,9,8,8,4,3,4
12395,8,5,0,0,0,0,1,0,0,6,9,7,6,15,8,3,4
12425,2,0,0,0,0,0,0,0,0,1,6,6,5,9,11,2,0
12427,5,1,0,0,0,0,0,0,0,1,5,4,7,6,7,2,1
12428,3,0,0,0,0,0,1,0,0,2,6,7,8,6,6,2,0
12453,5,1,0,0,0,0,1,0,0,0,10,6,5,6,11,6,0
12466,9,5,0,0,0,0,3,0,0,13,19,17,14,7,21,5,5
12468,6,5,0,0,0,0,1,0,0,11,16,16,13,4,12,8,0
12469,4,4,0,0,0,0,0,0,0,10,16,18,10,5,13,3,1
12481,1,0,0,0,0,0,0,0,0,0,6,12,6,8,8,9,0
12489,8,4,0,0,0,0,0,0,0,2,8,8,6,4,9,2,0
12498,12,10,0,0,0,0,1,0,0,1,10,3,6,4,4,3,3
12510,2,0,0,0,0,0,0,0,0,0,7,5,8,3,4,4,0
12513,3,4,0,0,0,0,0,0,0,2,4,7,7,9,4,2,5
12514,1,0,0,0,0,0,0,0,0,0,6,7,10,3,4,3,0
12525,7,2,0,0,0,0,3,0,0,7,8,3,9,6,7,5,0
12533,5,5,0,0,0,0,0,0,0,5,4,6,9,10,7,4,2
12557,5,6,0,0,0,0,2,0,0,4,9,8,6,2,8,5,4
12561,3,5,0,0,0,0,0,0,0,3,5,5,6,7,5,1,1
12593,5,3,0,0,0,0,0,0,0,1,11,3,9,10,12,4,4
12614,6,1,0,0,0,0,0,0,0,1,3,11,4,4,6,3,0
12615,3,0,0,0,0,0,0,0,0,1,6,7,4,7,5,2,0
12616,3,0,0,0,0,0,0,0,0,1,6,5,6,3,6,3,0
12618,3,0,0,0,0,0,0,0,0,0,6,8,6,4,6,3,0
12619,4,0,0,0,0,0,0,0,0,0,4,4,5,7,7,4,0
12656,3,0,0,0,0,0,0,0,0,0,18,19,11,12,12,2,0
12658,4,1,0,0,0,0,0,0,0,0,13,14,8,7,8,3,0
12661,8,4,0,0,0,0,2,0,0,5,11,9,8,5,6,2,0
12701,7,1,0,0,0,0,0,0,0,6,7,11,13,3,9,2,0
12723,1,0,0,0,0,0,0,0,0,0,4,5,4,10,9,3,0
12726,2,0,0,0,0,0,0,0,0,0,4,11,4,10,3,1,0
12727,4,1,0,0,0,0,0,0,0,1,10,10,4,5,7,6,0
12729,3,5,0,0,0,0,1,0,0,4,2,6,11,5,11,6,2
12819,6,5,0,0,0,0,0,0,0,6,5,8,7,6,8,2,3
12842,2,7,0,0,0,0,3,0,0,1,9,9,12,6,3,4,1
12861,6,10,0,0,0,0,2,0,0,5,5,8,7,9,14,3,0
12898,2,0,0,0,0,0,0,0,0,0,9,11,6,8,9,2,0
12927,6,0,0,0,0,0,0,0,0,2,5,10,9,5,9,3,0
12928,3,0,0,0,0,0,0,0,0,0,9,9,10,7,16,8,0
12931,5,5,0,0,0,0,0,0,0,1,13,7,10,8,8,4,1
12933,6,1,0,0,0,0,0,0,0,1,9,10,10,9,7,4,0
12934,4,3,0,0,0,0,0,0,0,3,11,6,11,6,12,1,3
12954,6,3,0,0,0,0,0,0,0,5,6,5,7,4,8,3,2
12975,5,4,0,0,0,0,0,0,0,3,10,5,14,8,7,6,4
12983,6,2,0,0,0,0,1,0,0,4,8,10,9,7,8,6,2
13006,7,3,0,0,0,0,0,0,0,2,6,5,6,7,4,1,2
13057,7,6,0,0,0,0,3,0,0,6,5,4,2,5,5,6,1
13062,2,0,0,0,0,0,0,0,0,0,10,12,8,8,8,4,0
13113,5,2,0,0,0,0,0,0,0,1,8,11,6,5,9,2,1
13115,3,1,0,0,0,0,0,0,0,1,10,12,6,3,4,4,0
13116,2,0,0,0,0,0,0,0,0,0,5,12,4,7,5,2,0
13123,2,0,0,0,0,0,0,0,0,0,7,2,6,4,5,3,0
13126,3,0,0,0,0,0,0,0,0,0,10,3,7,6,3,3,0
13127,5,0,0,0,0,0,0,0,0,1,6,6,3,8,6,4,0
13129,2,1,0,0,0,0,0,0,0,1,4,4,14,5,13,3,2
13142,4,0,0,0,0,0,0,0,0,1,10,3,9,12,12,2,0
13170,1,0,0,0,0,0,0,0,0,0,7,8,10,7,6,2,0
13194,6,1,0,0,0,0,2,0,0,1,11,5,5,12,6,2,2
13208,11,5,0,0,0,0,3,0,0,3,9,6,3,10,9,2,0
13210,9,2,0,0,0,0,0,0,0,5,5,4,2,8,5,2,0
13238,5,0,0,0,0,0,0,0,0,1,5,7,10,7,7,6,0
13260,3,0,0,0,0,0,0,0,0,0,12,8,10,15,6,6,0
13284,9,4,0,0,0,0,3,0,0,4,9,5,2,3,8,3,1
13286,8,2,0,0,0,0,1,0,0,5,3,5,3,6,7,1,0
13287,9,4,0,0,0,0,2,0,0,4,5,3,3,4,4,3,0
13296,5,0,0,0,0,0,0,0,0,2,13,7,16,10,4,6,0
13300,3,0,0,0,0,0,0,0,0,1,12,9,11,8,8,2,0
13314,12,6,0,0,0,0,3,0,0,2,6,8,13,8,6,5,1
13316,5,0,0,0,0,0,0,0,0,0,12,7,9,13,7,6,0
13330,3,3,0,0,0,0,0,0,0,1,10,8,5,6,12,4,0
13340,9,2,0,0,0,0,0,0,0,5,8,10,12,11,7,5,2
13364,4,0,0,0,0,0,0,0,0,0,17,9,7,9,6,2,0
13377,2,0,0,0,0,0,0,0,0,0,8,9,4,12,10,2,0
13433,11,5,0,0,0,0,3,0,0,4,8,8,5,8,7,6,2
13460,2,0,0,0,0,0,0,0,0,0,4,9,13,6,12,4,0
13462,2,0,0,0,0,0,0,0,0,0,7,9,2,5,11,4,0
13463,4,4,0,0,0,0,0,0,0,5,6,2,6,5,5,2,1
13464,5,1,0,0,0,0,0,0,0,4,14,15,8,9,13,6,0
13466,4,1,0,0,0,0,0,0,0,2,3,1,4,3,2,1,1
13470,9,1,0,0,0,0,1,0,0,3,1,6,4,4,4,1,0
13493,6,4,0,0,0,0,0,0,0,1,15,16,13,13,15,2,0
13494,3,2,0,0,0,0,0,0,0,1,15,14,16,14,16,4,1
13495,4,1,0,0,0,0,0,0,0,0,4,4,8,4,5,1,0
13497,2,0,0,0,0,0,0,0,0,0,2,3,3,3,4,1,0
13527,5,3,0,0,0,0,1,0,0,5,5,6,5,7,8,4,0
13578,10,6,0,0,0,0,3,0,0,4,7,12,4,3,9,6,2
13608,5,3,0,0,0,0,0,0,0,4,6,8,9,11,11,5,2
13616,1,0,0,0,0,0,0,0,0,0,9,6,11,10,10,2,0
13645,3,0,0,0,0,0,0,0,0,0,14,5,13,13,11,2,0
13663,4,0,0,0,0,0,0,0,0,1,12,6,13,9,9,5,0
13680,7,2,0,0,0,0,1,0,0,5,7,9,8,13,6,2,0
13689,5,2,0,0,0,0,0,0,0,2,7,6,9,7,12,4,0
13703,2,0,0,0,0,0,0,0,0,0,11,13,6,10,10,3,0
13728,5,2,0,0,0,0,0,0,0,1,10,5,9,16,8,5,0
13751,3,1,0,0,0,0,0,0,0,1,7,10,10,5,9,2,0
13756,7,7,0,0,0,0,1,0,0,8,7,13,7,5,4,1,1
13834,12,6,0,0,0,0,2,0,0,8,9,9,12,10,9,4,0
13836,4,5,0,0,0,0,0,0,0,2,4,7,6,7,5,2,0
13934,11,7,4,0,0,0,6,0,0,15,20,18,18,20,20,1,0
13945,4,5,0,0,0,0,3,0,0,3,1,5,9,9,7,3,0
13976,2,0,0,0,0,0,0,0,0,0,9,10,14,8,8,8,0
14033,3,2,0,0,0,0,0,0,0,0,3,7,9,7,13,5,0
14061,5,0,0,0,0,0,0,0,0,0,4,13,10,10,5,4,0
14080,2,0,0,0,0,0,0,0,0,0,4,6,0,10,14,3,0
14086,5,1,0,0,0,0,0,0,0,0,3,2,2,8,2,2,0
14087,5,1,0,0,0,0,0,0,0,1,4,4,3,4,5,2,1
14098,5,1,0,0,0,0,1,0,0,3,8,10,5,7,6,3,1
14191,7,8,0,0,0,0,2,0,0,4,7,3,4,4,9,4,0
14216,7,1,0,0,0,0,1,0,0,7,4,10,10,2,10,1,0
14227,4,3,0,0,0,0,0,0,0,2,6,9,5,10,13,6,0
14232,5,2,0,0,0,0,0,0,0,0,3,9,8,3,6,1,0
14235,3,0,0,0,0,0,0,0,0,1,7,6,5,3,9,4,0
14236,5,3,0,0,0,0,0,0,0,2,4,8,10,7,7,1,0
14242,10,2,0,0,0,0,0,0,0,3,7,9,8,7,4,8,1
14246,7,1,0,0,0,0,0,0,0,7,10,7,7,12,11,2,0
14266,12,1,0,0,0,0,3,0,0,3,3,7,3,4,10,3,0
14360,2,0,0,0,0,0,0,0,0,0,11,9,10,13,11,1,0
14382,3,1,0,0,0,0,0,0,0,1,10,14,9,12,5,3,0
14385,5,4,0,0,0,0,0,0,0,6,12,10,4,6,5,3,2
14388,6,1,0,0,0,0,0,0,0,0,6,4,3,8,4,2,0
14389,4,0,0,0,0,0,0,0,0,1,5,4,5,7,10,2,0
14391,5,3,0,0,0,0,4,0,0,4,10,9,7,10,11,2,1
14417,3,6,0,0,0,0,0,0,0,2,4,9,8,9,5,7,1
14422,4,0,0,0,0,0,0,0,0,0,10,18,9,7,15,1,0
14431,4,2,0,0,0,0,0,0,0,0,12,9,8,8,8,5,0
14449,2,0,0,0,0,0,0,0,0,0,7,8,6,13,10,1,0
14541,9,6,0,0,0,0,4,0,0,1,8,9,7,3,5,1,1
14549,3,4,0,0,0,0,0,0,0,0,6,9,9,6,7,2,0
14566,6,2,0,0,0,0,0,0,0,1,2,1,3,2,5,1,0
14678,4,4,0,0,0,0,0,0,0,0,13,14,5,5,3,2,0
14707,8,2,0,0,0,0,2,0,0,4,9,2,8,4,15,4,2
14751,3,0,0,0,0,0,0,0,0,0,12,12,6,7,6,4,0
14753,4,0,0,0,0,0,0,0,0,0,3,6,6,8,8,3,0
14754,3,2,0,0,0,0,0,0,0,2,17,7,6,5,6,1,0
14793,5,4,0,0,0,0,0,0,0,2,6,10,12,4,9,7,1
14837,9,4,0,0,0,0,3,0,0,7,6,4,12,9,7,3,0
14883,2,0,0,0,0,0,0,0,0,0,9,13,12,16,7,5,0
14907,4,0,0,0,0,0,0,0,0,4,8,9,4,8,7,2,0
14910,5,1,0,0,0,0,0,0,0,3,4,8,2,8,4,2,0
14911,3,0,0,0,0,0,0,0,0,1,10,3,7,9,7,1,0
14923,3,0,0,0,0,0,0,0,0,0,8,9,11,11,12,6,0
14993,3,1,0,0,0,0,0,0,0,0,6,9,6,3,6,4,0
14998,3,0,0,0,0,0,0,0,0,1,11,7,7,8,13,6,0
15018,2,0,0,0,0,0,0,0,0,0,9,10,2,5,8,7,0
15021,6,0,0,0,0,0,0,0,0,1,4,6,2,5,2,1,0
15022,6,1,0,0,0,0,0,0,0,0,9,5,6,4,6,3,1
15049,5,4,0,0,0,0,0,0,0,1,6,11,8,9,4,5,1
15057,6,3,0,0,0,0,4,0,0,7,11,7,2,8,12,4,0
15061,4,1,0,0,0,0,0,0,0,3,9,7,6,11,13,10,1
15070,4,4,0,0,0,0,0,0,0,6,7,4,12,4,5,3,3
15143,12,4,0,0,0,0,5,0,0,1,11,12,9,8,11,1,3
15144,12,3,0,0,0,0,3,0,0,1,10,13,9,9,11,2,1
15153,3,0,0,0,0,0,0,0,0,0,23,22,20,7,18,2,0
15168,4,0,0,0,0,0,0,0,0,1,11,17,4,9,8,3,0
15182,3,2,0,0,0,0,1,0,0,4,7,7,3,8,3,6,0
15190,3,0,0,0,0,0,0,0,0,8,7,3,10,8,7,4,0
15210,4,0,0,0,0,0,0,0,0,3,8,8,13,9,12,6,0
15303,12,2,0,0,0,0,4,0,0,5,8,8,9,9,9,3,0
15339,4,0,0,0,0,0,0,0,0,1,8,5,13,6,11,7,0
15442,2,0,0,0,0,0,0,0,0,0,8,6,4,5,13,5,0
15444,4,1,0,0,0,0,0,0,0,1,4,5,1,5,4,5,0
15445,2,0,0,0,0,0,0,0,0,0,7,5,8,12,3,4,0
15480,7,4,0,0,0,0,1,0,0,1,5,10,7,7,7,2,2
15514,1,0,0,0,0,0,0,0,0,4,6,7,11,7,7,6,0
15516,2,1,0,0,0,0,0,0,0,0,9,9,8,8,9,2,1
15517,3,0,0,0,0,0,0,0,0,1,9,2,7,5,12,3,0
15520,1,0,0,0,0,0,0,0,0,0,13,5,13,17,12,5,0
15524,1,0,0,0,0,0,0,0,0,0,15,11,10,7,11,6,0
15535,5,0,0,0,0,0,0,0,0,1,9,7,6,11,5,7,0
15563,5,1,0,0,0,0,0,0,0,1,8,10,9,6,6,6,0
15657,4,3,0,0,0,0,0,0,0,16,17,20,15,8,19,2,0
15658,3,0,0,0,0,0,0,0,0,14,17,20,14,10,21,3,0
15679,10,4,0,0,0,0,5,0,0,6,8,7,8,1,6,4,2
15696,2,0,0,0,0,0,0,0,0,1,7,6,7,6,6,1,0
15699,3,0,0,0,0,0,0,0,0,0,4,6,5,7,12,6,0
15700,4,0,0,0,0,0,0,0,0,0,11,10,1,7,8,3,0
15702,3,1,0,0,0,0,0,0,0,0,7,8,6,9,11,3,0
15720,5,0,0,0,0,0,0,0,0,0,3,6,4,7,5,2,0
15721,4,1,0,0,0,0,0,0,0,2,6,11,3,11,10,4,0
15722,3,0,0,0,0,0,0,0,0,0,5,6,8,6,6,3,0
15728,3,0,0,0,0,0,0,0,0,0,7,9,8,9,14,3,0
15730,3,0,0,0,0,0,0,0,0,0,15,8,9,6,9,3,0
15731,4,0,0,0,0,0,0,0,0,4,13,7,10,11,8,3,0
15735,4,2,0,0,0,0,0,0,0,2,6,3,9,10,9,4,2
15736,4,3,0,0,0,0,0,0,0,2,5,11,6,9,7,3,1
15748,3,0,0,0,0,0,0,0,0,1,6,3,12,7,13,2,0
15774,3,0,0,0,0,0,0,0,0,0,6,6,13,12,8,5,0
15787,3,2,0,0,0,0,0,0,0,1,11,13,9,5,4,2,1
15790,3,0,0,0,0,0,0,0,0,0,9,4,11,5,8,3,0
15791,10,3,0,0,0,0,2,0,0,4,4,5,5,3,3,1,0
15798,4,1,0,0,0,0,0,0,0,2,11,8,10,6,12,3,0
15835,4,2,0,0,0,0,0,0,0,3,3,6,5,8,8,3,1
15896,3,4,0,0,0,0,0,0,0,7,5,5,5,6,4,3,0
15933,4,1,0,0,0,0,0,0,0,1,8,4,10,10,4,3,0
15936,1,0,0,0,0,0,0,0,0,0,9,1,5,9,7,3,0
15937,4,3,0,0,0,0,0,0,0,3,6,7,8,6,5,2,0
15994,2,2,0,0,0,0,0,0,0,1,8,7,3,17,13,5,0
16003,5,0,0,0,0,0,0,0,0,3,10,12,7,6,7,5,0
16028,4,1,0,0,0,0,0,0,0,0,5,5,5,2,1,1,0
16031,4,0,0,0,0,0,0,0,0,2,4,5,5,2,5,1,0
16032,6,1,0,0,0,0,0,0,0,2,3,2,2,6,3,2,1
16045,3,0,0,0,0,0,0,0,0,0,12,12,12,10,9,5,0
16103,10,1,0,0,0,0,1,0,0,2,6,4,4,10,5,3,3
16138,2,4,0,0,0,0,1,0,0,12,14,18,11,15,12,10,2
16140,4,1,0,0,0,0,1,0,0,12,11,11,12,16,11,10,0
16141,3,1,0,0,0,0,1,0,0,12,15,12,11,14,13,10,1
16143,4,1,0,0,0,0,0,0,0,1,10,14,7,6,9,6,0
16166,3,0,0,0,0,0,0,0,0,0,11,10,4,8,10,4,0
16198,7,7,0,0,0,0,4,0,0,4,7,9,8,8,9,2,1
16200,9,5,0,0,0,0,1,0,0,0,9,8,11,8,2,3,0
16201,7,1,0,0,0,0,0,0,0,4,7,6,5,7,8,2,0
16212,3,0,0,0,0,0,0,0,0,1,8,7,8,9,8,5,0
16232,3,2,0,0,0,0,0,0,0,0,5,13,8,8,8,4,0
16240,4,0,0,0,0,0,0,0,0,5,12,9,8,12,6,2,0
16242,5,3,0,0,0,0,0,0,0,3,7,3,4,4,2,2,0
16245,4,2,0,0,0,0,0,0,0,1,9,9,10,14,6,5,0
16249,2,0,0,0,0,0,0,0,0,0,7,10,10,8,6,2,0
16323,13,6,4,0,0,0,6,0,0,7,20,18,18,15,21,2,1
16325,3,0,0,0,0,0,0,0,0,0,19,19,16,11,21,3,0
16383,3,0,0,0,0,0,0,0,0,0,8,8,14,11,8,2,0
16432,2,0,0,0,0,0,0,0,0,0,9,10,10,9,9,4,0
16435,5,1,0,0,0,0,2,0,0,0,7,4,7,9,8,4,0
16436,5,1,0,0,0,0,0,0,0,0,10,5,5,6,3,2,0
16495,5,0,0,0,0,0,0,0,0,3,4,8,8,5,10,5,0
16522,3,0,0,0,0,0,0,0,0,0,10,11,9,9,6,5,0
16529,2,3,0,0,0,0,0,0,0,4,10,11,8,10,14,10,1
16532,3,4,0,0,0,0,0,0,0,0,8,8,8,6,13,6,1
16533,9,5,0,0,0,0,4,0,0,0,5,6,6,7,17,2,0
16550,3,0,0,0,0,0,0,0,0,2,4,9,7,6,11,4,0
16560,2,0,0,0,0,0,0,0,0,0,11,10,4,5,1,4,0
16563,4,1,0,0,0,0,0,0,0,0,10,7,6,5,5,3,1
16564,4,0,0,0,0,0,0,0,0,0,5,9,4,6,5,2,0
16579,3,1,0,0,0,0,0,0,0,0,6,10,10,6,17,4,0
16585,3,1,0,0,0,0,0,0,0,1,2,10,6,9,15,10,0
16681,3,1,0,0,0,0,0,0,0,2,9,6,4,8,8,1,0
16682,8,2,0,0,0,0,3,0,0,3,5,5,7,4,10,2,2
16714,5,2,0,0,0,0,0,0,0,1,10,13,11,5,6,4,0
16718,5,3,0,0,0,0,0,0,0,2,11,8,5,3,6,4,1
16719,3,1,0,0,0,0,0,0,0,0,14,9,3,2,3,1,0
16757,6,0,0,0,0,0,0,0,0,0,3,2,4,3,3,3,0
16875,4,1,0,0,0,0,0,0,0,2,10,7,3,10,8,3,0
16877,5,1,0,0,0,0,0,0,0,0,7,9,6,8,8,3,0
16878,3,4,0,0,0,0,0,0,0,3,10,6,5,8,7,2,0
16899,2,0,0,0,0,0,0,0,0,0,8,10,12,14,10,4,0
16925,3,1,0,0,0,0,0,0,0,0,11,9,5,5,7,2,0
16928,5,1,0,0,0,0,0,0,0,1,6,1,4,3,4,6,0
16929,2,0,0,0,0,0,0,0,0,0,5,5,6,4,10,1,0
16997,10,8,0,0,0,0,5,0,0,6,9,10,7,6,10,5,0
17013,3,0,0,0,0,0,0,0,0,0,7,9,5,4,7,3,0
17034,10,6,0,0,0,0,1,0,0,8,7,7,4,9,9,1,0
17088,11,2,0,0,0,0,2,0,0,8,2,6,8,8,9,4,1
17127,7,2,0,0,0,0,2,0,0,2,8,3,4,7,3,3,1
17129,9,2,0,0,0,0,1,0,0,5,12,12,8,11,7,4,0
17147,3,4,0,0,0,0,2,0,0,2,5,5,3,7,9,3,1
17161,3,1,0,0,0,0,0,0,0,3,5,6,11,13,6,6,0
17175,5,1,0,0,0,0,0,0,0,2,4,10,9,4,7,5,0
17177,7,2,0,0,0,0,1,0,0,8,4,9,5,7,6,3,0
17197,3,0,0,0,0,0,0,0,0,0,12,7,9,9,9,3,0
17199,1,0,0,0,0,0,0,0,0,0,7,11,14,7,15,3,0
17202,7,1,0,0,0,0,1,0,0,4,4,5,7,6,4,1,1
17262,3,1,0,0,0,0,0,0,0,0,6,7,5,12,5,5,0
17300,7,1,0,0,0,0,1,0,0,7,5,12,6,8,7,1,0
17303,3,4,0,0,0,0,3,0,0,10,12,18,16,7,20,2,0
17305,5,4,0,0,0,0,0,0,0,5,13,7,11,4,14,4,2
17306,4,3,0,0,0,0,0,0,0,6,13,8,5,8,14,2,0
17317,2,0,0,0,0,0,0,0,0,0,9,4,9,11,6,4,0
17318,1,0,0,0,0,0,0,0,0,0,11,8,9,7,13,3,0
17320,4,3,0,0,0,0,0,0,0,2,8,10,6,6,3,5,1
17321,4,1,0,0,0,0,0,0,0,1,7,4,2,8,6,2,0
17338,4,0,0,0,0,0,0,0,0,6,11,12,8,7,9,3,0
17360,2,3,0,0,0,0,0,0,0,5,6,7,11,10,4,5,1
17410,11,4,0,0,0,0,4,0,0,5,5,9,8,11,7,3,0
17413,3,0,0,0,0,0,0,0,0,1,8,7,8,6,4,4,0
17415,3,0,0,0,0,0,0,0,0,0,7,5,2,3,7,3,0
17416,7,3,0,0,0,0,1,0,0,4,2,5,3,7,4,2,3
17543,5,0,0,0,0,0,0,0,0,0,10,12,10,8,11,3,0
17570,4,2,0,0,0,0,0,0,0,1,8,12,11,7,16,2,1
17573,4,0,0,0,0,0,0,0,0,7,11,9,12,6,16,1,0
17574,4,0,0,0,0,0,0,0,0,6,9,10,10,4,14,1,0
17591,3,0,0,0,0,0,0,0,0,0,8,5,8,8,5,9,0
17633,4,1,0,0,0,0,0,0,0,0,5,15,16,14,7,3,0
17642,4,1,0,0,0,0,0,0,0,5,7,5,6,10,9,3,1
17721,4,0,0,0,0,0,0,0,0,3,9,8,6,6,13,5,0
17724,3,0,0,0,0,0,0,0,0,2,9,11,8,11,6,5,0
17725,5,5,0,0,0,0,2,0,0,2,6,10,9,8,13,2,0
17739,5,2,0,0,0,0,1,0,0,1,5,9,3,11,4,4,2
17750,9,3,0,0,0,0,4,0,0,2,11,7,4,8,7,2,0
17779,3,2,0,0,0,0,0,0,0,1,7,5,8,11,7,5,0
17789,2,0,0,0,0,0,0,0,0,0,7,7,10,12,12,6,0
17798,2,0,0,0,0,0,0,0,0,0,5,7,10,11,8,4,0
17845,3,2,0,0,0,0,0,0,0,0,9,12,10,11,11,7,2
17850,2,0,0,0,0,0,0,0,0,2,8,8,3,11,5,6,0
17859,2,0,0,0,0,0,0,0,0,0,8,6,13,6,8,2,0
17862,2,0,0,0,0,0,0,0,0,0,8,4,3,8,7,2,0
17863,4,1,0,0,0,0,0,0,0,0,8,8,2,1,6,1,1
17866,4,5,0,0,2,0,1,0,0,3,21,23,20,15,23,7,3
17883,8,1,0,0,0,0,0,0,0,1,5,9,7,8,7,2,0
17932,4,0,0,0,0,0,0,0,0,0,11,12,5,12,8,4,0
17933,3,1,0,0,0,0,0,0,0,1,11,10,7,9,11,6,0
17948,11,5,0,0,0,0,5,0,0,6,4,6,4,9,8,2,0
17974,6,2,0,0,0,0,0,0,0,3,9,11,7,8,8,2,0
17987,4,6,0,0,0,0,0,0,0,3,9,12,7,8,9,3,0
18058,2,0,0,0,0,0,0,0,0,3,5,5,11,10,10,4,0
18081,4,3,0,0,0,0,0,0,0,0,3,4,5,4,2,1,0
18082,5,2,0,0,0,0,0,0,0,2,8,4,7,8,9,6,0
18084,8,3,0,0,0,0,2,0,0,2,5,4,2,4,6,1,0
18091,3,0,0,0,0,0,3,0,0,3,17,12,10,9,10,4,0
18093,2,0,0,0,0,0,0,0,0,0,11,13,12,6,11,4,0
18094,2,0,0,0,0,0,0,0,0,1,12,9,8,4,8,5,0
18101,3,0,0,0,0,0,0,0,0,0,8,8,7,9,9,3,0
18105,7,1,0,0,0,0,0,0,0,2,4,5,12,11,6,5,0
18107,3,0,0,0,0,0,0,0,0,7,8,9,9,6,7,1,0
18134,4,4,0,0,0,0,0,0,0,5,2,8,7,7,11,3,0
18174,3,1,0,0,0,0,0,0,0,1,6,2,19,8,8,2,0
18194,2,0,0,0,0,0,0,0,0,0,8,8,11,12,7,3,0
18196,2,0,0,0,0,0,0,0,0,0,6,7,8,10,11,2,0
18213,1,0,0,0,0,0,0,0,0,0,16,9,13,11,6,4,0
18219,2,0,0,0,0,0,0,0,0,0,3,6,12,8,10,2,0
18274,3,5,0,0,0,0,0,0,0,3,8,3,9,10,8,1,2
18281,8,6,0,0,0,0,1,0,0,7,8,6,3,2,5,2,1
18283,2,0,0,0,0,0,0,0,0,0,3,5,3,3,3,1,0
18284,4,2,0,0,0,0,0,0,0,0,4,3,4,1,2,1,0
18286,5,3,0,0,0,0,1,0,0,1,11,6,15,9,8,4,1
18290,3,4,0,0,0,0,0,0,0,12,7,4,3,4,11,8,0
18293,3,3,0,0,0,0,0,0,0,14,8,4,2,3,10,5,0
18294,4,3,0,0,0,0,0,0,0,15,6,5,3,4,11,6,1
18305,10,4,0,0,0,0,1,0,0,4,9,3,7,8,6,6,0
18384,3,1,0,0,0,0,0,0,0,0,10,4,11,17,8,5,0
18428,4,3,0,0,0,0,0,0,0,4,9,6,7,9,10,4,2
18508,5,8,0,0,0,0,1,0,0,6,6,3,6,7,11,4,3
18549,6,5,0,0,0,0,0,0,0,9,8,3,8,5,9,5,3
18553,3,1,0,0,0,0,0,0,0,1,1,6,5,7,5,2,0
18555,5,2,0,0,0,0,0,0,0,2,3,2,5,5,3,1,0
18556,2,0,0,0,0,0,0,0,0,0,4,2,5,5,2,1,0
18592,6,4,0,0,0,0,0,0,0,9,7,7,6,4,9,3,0
18613,8,1,0,0,0,0,0,0,0,6,8,12,9,8,11,2,3
18661,2,0,0,0,0,0,0,0,0,0,11,13,8,11,13,3,0
18671,2,3,0,0,0,0,1,0,0,0,12,5,12,6,14,2,0
18679,4,0,0,0,0,0,0,0,0,2,7,13,2,8,11,2,0
18793,3,5,0,0,0,0,1,0,0,3,5,11,9,9,8,6,1
18825,3,1,0,0,0,0,0,0,0,0,11,9,10,12,16,6,1
18884,5,4,0,0,0,0,3,0,0,6,8,6,7,8,14,5,1
18904,4,0,0,0,0,0,0,0,0,1,10,8,12,8,13,5,0
18959,2,0,0,0,0,0,0,0,0,0,6,6,4,8,3,4,0
18960,2,0,0,0,0,0,0,0,0,0,7,10,7,12,5,2,0
18961,4,1,0,0,0,0,0,0,0,1,3,5,4,5,8,2,1
18962,4,0,0,0,0,0,0,0,0,0,6,3,4,8,3,2,0
19005,10,2,0,0,0,0,2,0,0,2,4,5,11,5,8,4,1
19016,5,3,0,0,0,0,2,0,0,0,5,6,5,7,11,3,0
19018,6,3,0,0,0,0,0,0,0,5,9,9,5,7,5,5,1
19031,3,3,0,0,0,0,0,0,0,2,6,10,4,8,8,3,1
19060,4,0,0,0,0,0,0,0,0,1,6,9,16,11,16,3,0
19061,3,0,0,0,0,0,0,0,0,5,7,9,10,9,6,1,0
19082,5,2,0,0,0,0,0,0,0,4,12,10,12,1,9,3,2
19124,5,0,0,0,0,0,0,0,0,0,9,8,4,5,9,2,0
19128,2,2,0,0,0,0,0,0,0,1,7,10,8,12,6,4,0
19138,6,8,0,0,0,0,1,0,0,8,8,5,4,5,9,3,2
19141,4,0,0,0,0,0,0,0,0,1,11,9,11,14,10,3,0
19156,2,6,0,0,0,0,0,0,0,1,7,7,4,5,12,1,1
19158,1,0,0,0,0,0,0,0,0,0,11,8,3,9,13,5,0
19159,5,3,0,0,0,0,0,0,0,4,11,3,6,5,5,3,0
19160,3,2,0,0,0,0,0,0,0,2,5,11,3,6,7,2,0
19167,3,6,0,0,0,0,4,0,0,2,9,8,7,8,11,2,0
19196,3,1,0,0,0,0,0,0,0,5,2,5,7,11,6,8,0
19230,2,0,0,0,0,0,1,0,0,5,5,6,10,10,6,4,0
19237,12,5,0,0,0,0,6,0,0,3,1,8,3,10,11,6,0
19240,6,2,0,0,0,0,0,0,0,4,10,11,6,5,14,3,2
19242,3,1,0,0,0,0,0,0,0,7,15,11,5,5,11,4,0
19243,4,4,0,0,0,0,1,0,0,3,12,12,9,4,8,1,1
19348,6,6,0,0,0,0,3,0,0,4,9,15,6,12,8,4,0
19352,4,0,0,0,0,0,0,0,0,2,13,11,9,12,9,5,0
19364,7,5,0,0,0,0,5,0,0,1,6,6,7,5,7,3,0
19366,6,1,0,0,0,0,1,0,0,0,7,8,4,5,3,2,1
19429,11,3,0,0,0,0,6,0,0,2,6,7,13,12,5,1,1
19436,2,0,0,0,0,0,3,0,0,0,12,17,18,16,14,5,0
19437,3,0,0,0,0,0,5,0,0,5,17,15,21,17,17,7,0
19457,4,1,0,0,0,0,0,0,0,2,6,4,6,9,13,4,0
19626,11,5,0,0,0,0,3,0,0,5,9,4,9,6,11,3,1
19693,2,0,0,0,0,0,0,0,0,3,11,11,14,6,5,4,0
19696,4,2,0,0,0,0,0,0,0,1,8,10,9,6,6,3,0
19697,3,0,0,0,0,0,0,0,0,0,8,10,8,6,8,1,0
19699,3,3,0,0,0,0,0,0,0,6,9,6,9,7,10,6,0
19727,9,4,0,0,0,0,2,0,0,7,7,3,9,8,4,10,0
19732,11,5,0,0,0,0,3,0,0,1,5,8,6,5,7,6,0
19752,3,0,0,0,0,0,0,0,0,2,10,12,12,10,11,5,0
19758,2,0,0,0,0,0,0,0,0,1,7,3,8,11,7,3,0
19781,2,0,0,0,0,0,0,0,0,0,8,8,11,8,7,4,0
19784,10,6,0,0,0,0,0,0,0,2,6,8,3,12,10,4,0
19786,6,3,0,0,0,0,0,0,0,2,11,10,3,5,12,7,0
19797,12,8,3,0,0,0,11,0,0,3,5,5,6,5,6,6,1
19800,3,0,0,0,0,0,0,0,0,0,0,0,0,1,1,4,0
19801,5,1,0,0,0,0,0,0,0,0,0,0,0,1,1,5,0
19840,4,0,0,0,0,0,0,0,0,2,5,3,1,6,6,5,0
19842,4,6,0,0,0,0,0,0,0,3,2,3,2,4,4,2,0
19865,3,2,0,0,0,0,1,0,0,11,11,11,12,4,16,2,2
19868,5,1,0,0,0,0,0,0,0,0,6,2,2,3,3,1,1
19869,4,1,0,0,0,0,0,0,0,2,5,4,2,6,6,3,0
19880,9,6,0,0,0,0,4,0,0,6,5,6,8,6,4,2,1
19928,5,5,0,0,0,0,1,0,0,3,5,6,9,11,12,6,0
20013,4,0,0,0,0,0,0,0,0,5,6,12,4,11,4,1,0
20015,3,1,0,0,0,0,0,0,0,2,6,6,8,7,14,2,0
20016,2,0,0,0,0,0,0,0,0,0,8,4,8,6,1,5,0
20060,1,0,0,0,0,0,0,0,0,0,12,7,7,13,17,6,0
20085,5,0,0,0,0,0,0,0,0,6,10,14,7,4,6,7,0
20088,1,0,0,0,0,0,0,0,0,0,10,10,3,5,2,3,0
20089,3,0,0,0,0,0,0,0,0,1,5,5,7,7,6,3,0
20106,4,3,0,0,0,0,0,0,0,0,8,10,12,11,8,4,0
20131,9,4,0,0,0,0,2,0,0,5,11,5,9,6,8,1,1
20132,7,1,0,0,0,0,0,0,0,2,8,7,5,9,11,3,1
20135,5,3,0,0,0,0,1,0,0,2,1,6,1,5,6,3,1
20141,2,0,0,0,0,0,0,0,0,0,13,17,7,3,10,5,0
20144,4,1,0,0,0,0,0,0,0,0,12,7,7,4,7,3,0
20145,2,0,0,0,0,0,0,0,0,0,14,15,7,7,9,2,0
20162,4,5,0,0,0,0,0,0,0,3,6,2,4,3,5,6,3
20164,8,1,0,0,0,0,5,0,0,3,5,4,8,11,9,3,0
20229,5,4,0,0,0,0,0,0,0,5,6,2,3,4,3,2,0
20232,1,1,0,0,0,0,0,0,0,1,7,11,5,5,7,2,1
20233,3,2,0,0,0,0,0,0,0,3,7,2,6,8,5,6,1
20234,2,5,0,0,0,0,2,0,0,2,9,9,5,5,14,3,3
20237,6,1,0,0,0,0,1,0,0,0,10,7,2,4,7,2,0
20238,3,2,0,0,0,0,0,0,0,1,10,6,8,5,4,2,1
20277,8,3,0,0,0,0,3,0,0,3,8,8,9,14,12,3,0
20280,9,4,0,0,0,0,3,0,0,4,6,3,6,7,9,2,3
20282,1,5,3,0,0,0,8,0,0,2,12,11,7,11,10,5,1
20286,3,6,3,0,0,0,5,0,0,1,12,13,8,6,7,6,1
20288,8,4,0,0,0,0,0,0,0,2,6,7,7,10,7,2,1
20305,6,5,0,0,0,0,2,0,0,6,8,6,12,6,5,5,1
20307,8,8,0,0,0,0,1,0,0,2,10,6,10,7,9,2,1
20339,7,6,0,0,0,0,2,0,0,2,8,4,7,9,6,3,1
20365,3,0,0,0,0,0,0,0,0,1,14,6,10,9,11,3,0
20379,7,5,0,0,0,0,1,0,0,5,7,9,5,14,9,2,0
20391,4,0,0,0,0,0,4,0,0,4,13,17,18,5,11,5,0
20393,5,1,0,0,0,0,1,0,0,0,7,9,10,9,8,3,1
20394,5,1,0,0,0,0,0,0,0,2,9,4,8,10,5,4,1
20403,13,6,5,0,0,0,8,0,0,7,15,12,11,4,5,1,5
20423,3,1,0,0,0,0,0,0,0,0,10,9,11,13,5,9,0
20440,1,0,0,0,0,0,0,0,0,0,9,7,4,12,11,3,0
20442,2,0,0,0,0,0,0,0,0,0,5,11,7,13,11,4,0
20443,6,3,0,0,0,0,0,0,0,2,4,4,7,8,3,2,0
20483,3,5,0,0,0,0,0,0,0,6,13,9,10,6,8,2,1
20520,2,0,0,0,0,0,0,0,0,0,9,12,12,8,10,4,0
20523,7,5,0,0,0,0,1,0,0,3,7,8,1,5,12,1,3
20557,5,2,0,0,0,0,0,0,0,2,5,6,15,8,5,2,3
20601,2,0,0,0,0,0,0,0,0,2,13,8,9,9,13,3,0
20622,8,2,0,0,0,0,1,0,0,3,6,7,6,6,7,4,0
20623,9,2,0,0,0,0,0,0,0,7,12,8,4,18,10,1,0
20625,8,3,0,0,0,0,3,0,0,1,8,5,11,4,4,3,1
20626,7,1,0,0,0,0,0,0,0,2,4,5,5,9,8,4,0
20691,9,1,0,0,0,0,0,0,0,9,17,14,8,6,10,1,1
20692,5,0,0,0,0,0,0,0,0,7,17,10,8,6,10,4,0
20697,5,0,0,0,0,0,2,0,0,3,8,6,8,5,9,5,0
20700,7,7,0,0,0,0,2,0,0,2,7,8,7,12,9,5,0
20701,2,3,0,0,0,0,3,0,0,1,4,4,4,10,8,4,2
20723,3,2,0,0,0,0,0,0,0,0,10,6,14,6,10,2,0
20759,3,0,0,0,0,0,0,0,0,2,8,14,5,10,7,2,0
20874,9,3,0,0,0,0,4,0,0,3,14,15,8,4,13,1,0
20877,10,6,0,0,0,0,4,0,0,4,16,11,7,4,16,2,0
20878,13,10,0,0,0,0,3,0,0,6,14,15,10,2,16,3,0
20909,3,0,0,0,0,0,0,0,0,0,10,10,9,9,6,5,0
20912,5,0,0,0,0,0,0,0,0,0,6,9,9,10,10,2,0
20913,4,0,0,0,0,0,0,0,0,3,5,10,7,9,11,2,0
20952,8,3,0,0,0,0,2,0,0,4,10,8,8,8,9,4,1
20989,10,4,0,0,0,0,0,0,0,1,7,7,5,8,10,4,2
20999,5,0,0,0,0,0,0,0,0,4,10,12,12,7,12,4,0
21037,6,1,0,0,0,0,4,0,0,13,12,14,9,7,8,2,0
21041,3,5,0,0,0,0,3,0,0,9,13,14,9,8,11,1,0
21056,3,0,0,0,0,0,0,0,0,1,8,8,10,10,10,4,0
21065,7,2,0,0,0,0,0,0,0,1,15,8,10,5,7,5,0
21073,8,5,0,0,0,0,2,0,0,4,5,5,9,8,3,1,2
21179,4,0,0,0,0,0,0,0,0,0,7,9,8,14,8,3,0
21275,6,3,0,0,0,0,1,0,0,6,10,14,10,6,8,1,1
21288,2,2,0,0,0,0,0,0,0,1,8,8,4,6,8,6,2
21289,3,4,0,0,0,0,2,0,0,3,10,5,8,10,9,2,0
21315,4,0,0,0,0,0,0,0,0,2,3,10,7,12,10,4,0
21331,4,3,0,0,0,0,0,0,0,1,11,8,7,8,13,6,1
21384,8,2,0,0,0,0,0,0,0,4,7,5,3,12,8,3,0
21523,6,4,0,0,0,0,1,0,0,5,8,6,4,6,6,1,4
21536,9,9,0,0,0,0,2,0,0,5,5,11,3,2,10,3,4
21544,13,2,0,0,0,0,2,0,0,3,6,6,2,9,9,3,0
21563,11,4,0,0,0,0,0,0,0,7,5,3,2,3,5,4,1
21565,7,3,0,0,0,0,2,0,0,3,5,6,2,6,4,1,0
21583,7,4,0,0,0,0,0,0,0,7,2,7,11,9,9,4,0
21598,11,5,0,0,0,0,2,0,0,2,9,5,12,6,5,1,0
21690,5,4,0,0,0,0,0,0,0,8,4,8,7,6,6,3,0
21752,13,3,0,0,0,0,1,0,0,8,6,6,10,10,11,2,1
21901,14,10,3,0,0,0,7,0,0,3,10,9,6,8,9,4,10
21926,5,6,0,0,0,0,1,0,0,9,10,6,6,7,5,4,0
21939,5,0,0,0,0,0,0,0,0,0,4,6,9,9,9,4,0
21942,2,2,0,0,0,0,0,0,0,2,2,4,1,3,7,1,0
21943,4,4,0,0,0,0,0,0,0,1,5,4,3,6,7,4,0
21953,7,4,0,0,0,0,1,0,0,4,9,9,6,6,6,1,3
21981,1,0,0,0,0,0,0,0,0,0,10,10,7,8,12,1,0
22046,8,1,0,0,0,0,1,0,0,1,11,5,11,4,12,3,0
22052,2,3,0,0,0,0,0,0,0,4,6,7,9,9,10,2,0
22089,6,1,0,0,0,0,0,0,0,4,11,1,3,4,8,5,0
22092,5,1,0,0,0,0,0,0,0,4,7,7,6,2,7,1,0
22093,7,6,0,0,0,0,2,0,0,3,4,1,4,7,7,1,3
22117,5,2,0,0,0,0,0,0,0,2,11,2,10,4,9,2,1
22146,8,4,0,0,0,0,3,0,0,3,7,8,2,3,10,5,6
22153,4,1,0,0,0,0,0,0,0,2,10,7,8,9,4,3,0
22156,3,2,0,0,0,0,0,0,0,2,5,5,5,6,2,2,0
22157,3,1,0,0,0,0,0,0,0,3,4,6,7,6,5,1,0
22184,5,2,0,0,0,0,1,0,0,11,3,7,6,9,7,6,1
22232,5,3,0,0,0,0,1,0,0,4,4,11,6,8,7,4,0
22246,3,1,0,0,0,0,0,0,0,2,6,7,8,6,14,4,0
22256,13,3,0,0,0,0,3,0,0,2,7,7,8,3,5,4,0
22293,5,3,0,0,0,0,0,0,0,0,5,4,7,6,8,3,1
22296,5,3,0,0,0,0,2,0,0,6,9,9,11,10,6,3,0
22312,3,0,0,0,0,0,0,0,0,2,8,11,9,8,13,7,0
22314,3,1,0,0,0,0,0,0,0,8,8,11,3,5,10,2,0
22315,3,1,0,0,0,0,0,0,0,1,5,8,9,6,7,2,0
22375,10,8,0,0,0,0,5,0,0,6,2,8,7,7,4,2,1
22403,3,1,0,0,0,0,0,0,0,1,7,6,4,7,10,4,0
22479,4,2,0,0,0,0,0,0,0,3,7,10,14,5,5,3,0
22481,7,2,0,0,0,0,1,0,0,4,5,7,9,6,5,4,2
22482,3,8,0,0,0,0,1,0,0,3,8,5,3,8,9,2,0
22524,10,3,0,0,0,0,2,0,0,3,8,5,4,12,4,3,5
22662,13,2,0,0,0,0,0,0,0,2,6,7,6,6,9,5,1
22678,6,4,0,0,0,0,2,0,0,3,14,2,6,6,8,7,0
22682,13,1,0,0,0,0,1,0,0,4,10,8,11,3,6,6,0
22757,2,1,0,0,0,0,0,0,0,1,6,10,3,3,9,8,1
22764,9,4,0,0,0,0,2,0,0,7,9,14,11,4,9,3,3
22770,4,0,0,0,0,0,0,0,0,3,2,6,5,6,7,2,0
22773,3,2,0,0,0,0,0,0,0,1,7,11,3,4,8,3,0
22774,5,2,0,0,0,0,0,0,0,4,10,2,5,5,9,2,0
22809,4,4,0,0,0,0,0,0,0,3,8,11,6,3,7,2,0
22812,9,4,0,0,0,0,4,0,0,5,1,3,8,4,9,1,1
22813,2,2,0,0,0,0,0,0,0,2,9,13,3,10,7,3,0
22823,3,2,0,0,0,0,0,0,0,7,7,6,6,8,9,3,0
22826,11,5,0,0,0,0,4,0,0,4,6,4,5,10,11,2,1
22851,6,4,0,0,0,0,0,0,0,2,7,4,5,9,6,2,0
22857,8,4,0,0,0,0,1,0,0,1,9,6,5,13,6,4,2
22972,11,4,0,0,0,0,2,0,0,4,4,7,7,11,6,5,3
23044,13,2,0,0,0,0,5,0,0,5,7,3,11,10,4,4,0
23053,2,1,0,0,0,0,0,0,0,0,10,10,8,5,11,6,0
23109,3,2,0,0,0,0,0,0,0,0,7,9,3,4,8,6,0
23152,6,2,0,0,0,0,2,0,0,1,4,10,10,9,13,4,0
23182,3,2,0,0,0,0,0,0,0,2,6,6,5,5,3,2,0
23240,9,1,0,0,0,0,0,0,0,4,3,3,6,7,7,1,1
23262,7,5,0,0,0,0,3,0,0,4,8,7,8,4,11,4,0
23287,8,1,0,0,0,0,3,0,0,2,7,12,3,6,5,2,0
23313,3,5,0,0,0,0,0,0,0,2,15,8,5,5,7,1,0
23315,4,2,0,0,0,0,0,0,0,3,3,6,9,7,4,2,0
23316,4,1,0,0,0,0,0,0,0,0,5,5,3,4,5,1,0
23339,7,2,0,0,0,0,2,0,0,5,4,6,5,12,10,4,2
23398,5,6,0,0,0,0,1,0,0,7,8,9,6,7,4,3,0
23400,6,4,0,0,0,0,2,0,0,2,7,6,8,7,7,3,0
23401,9,1,0,0,0,0,1,0,0,7,8,6,5,4,4,3,0
23454,4,0,0,0,0,0,0,0,0,1,10,7,4,11,6,2,0
23459,8,4,0,0,0,0,4,0,0,2,3,5,2,8,7,3,0
23681,13,3,0,0,0,0,1,0,0,13,5,6,8,3,9,3,1
23707,5,2,0,0,0,0,4,0,0,4,4,7,4,9,2,2,0
23709,8,1,0,0,0,0,0,0,0,4,4,3,3,5,3,4,0
23710,3,2,0,0,0,0,0,0,0,3,7,6,7,5,6,4,4
23736,10,6,0,0,0,0,2,0,0,2,8,5,8,8,6,4,1
23739,10,4,0,0,0,0,5,0,0,1,11,10,9,6,4,6,2
23740,9,5,0,0,0,0,1,0,0,4,8,9,9,6,6,5,0
23764,5,5,0,0,0,0,2,0,0,4,2,5,6,6,6,5,0
23773,8,6,0,0,0,0,0,0,0,3,8,9,8,8,9,5,3
23895,8,4,0,0,0,0,1,0,0,1,6,2,4,2,7,2,0
23900,5,2,0,0,0,0,0,0,0,0,5,6,4,5,5,2,0
23902,9,5,0,0,0,0,3,0,0,2,9,9,6,10,10,3,0
23965,7,1,0,0,0,0,1,0,0,2,10,8,10,10,8,1,0
23975,3,5,0,0,0,0,0,0,0,5,4,10,8,6,8,3,0
24315,9,8,0,0,0,0,3,0,0,5,5,12,7,10,4,7,0
24449,2,3,0,0,0,0,0,0,0,2,13,6,6,6,9,5,0
24500,9,1,0,0,0,0,2,0,0,5,9,6,2,13,9,1,3
24886,5,4,0,0,0,0,1,0,0,5,5,5,8,6,9,3,0
24888,2,2,0,0,0,0,1,0,0,0,8,6,7,2,9,3,2
24889,10,5,0,0,0,0,3,0,0,1,3,5,4,10,6,2,3
24901,13,6,0,0,0,0,2,0,0,3,7,10,10,10,8,4,0
24958,12,3,0,0,0,0,1,0,0,5,8,4,2,4,2,2,0
24960,4,3,0,0,0,0,0,0,0,6,10,8,3,2,3,2,1
24961,3,3,0,0,0,0,0,0,0,6,8,11,9,4,5,3,0
25143,5,0,0,0,0,0,0,0,0,2,8,6,5,11,6,3,0
25178,7,3,0,0,0,0,3,0,0,5,7,4,9,3,8,1,1
25297,4,0,0,0,0,0,0,0,0,2,6,3,7,6,5,5,0
25363,6,3,0,0,0,0,1,0,0,6,5,5,3,8,10,1,0
25464,5,2,0,0,0,0,1,0,0,5,6,5,4,8,10,5,1
25529,6,4,0,0,0,0,0,0,0,1,4,1,8,7,9,4,3
25549,3,2,0,0,0,0,0,0,0,1,4,8,2,5,8,2,0
25684,7,2,0,0,0,0,2,0,0,5,6,4,10,6,4,7,0
25943,4,5,0,0,0,0,0,0,0,4,4,5,5,7,7,4,0
26105,10,3,0,0,0,0,0,0,0,5,12,8,1,8,6,2,0
26654,5,2,0,0,0,0,1,0,0,2,4,5,8,10,2,3,0
26908,4,1,0,0,0,0,0,0,0,0,5,4,3,6,4,2,0
27221,6,4,0,0,0,0,1,0,0,3,5,6,5,6,6,3,4